49.4299 39.4055 37.9605 41.0093 47.6380 32.6374
51.3121 24.0956 29.6109 46.1440 50.1316 28.4247
49.6731 38.6983 39.3739 44.3616 54.4449 31.9324
37.4906 33.7186 48.2530 44.6952 49.7337 39.0654
39.2834 41.4177 40.5332 43.4850 56.2288 35.3878
38.3042 24.9811 39.6354 39.9200 49.1726 37.4782
42.3316 25.8999 37.1826 39.5226 57.2861 31.8499
43.3992 42.6400 39.0048 35.8668 57.2624 29.5922
54.2765 30.4435 42.1623 30.2281 54.3945 34.6523
38.6524 37.5815 39.5952 42.6661 49.3717 36.8199
45.9434 32.6730 37.5756 41.3983 45.8209 31.0949
35.2483 39.6782 51.7605 42.9350 47.9402 28.5183
47.0438 32.2894 37.8495 29.4692 47.0169 37.1632
43.7491 35.0814 37.7395 34.4081 48.6955 38.9785
51.0208 32.1460 40.2312 34.4215 49.9536 38.3043
44.1165 36.0612 48.8626 36.1930 51.0035 31.4866
43.1809 37.8543 40.5648 39.0946 44.5215 28.6401
38.9115 37.2535 34.8343 37.8989 43.9726 27.9962
40.9259 39.2628 41.4442 38.0422 51.3657 36.7202
41.1228 40.9089 44.0722 37.1951 50.0113 33.4486
42.2056 44.3011 41.7208 43.0125 49.4348 31.9873
36.4414 34.7317 37.4966 45.9931 50.9767 39.3855
50.3659 37.3498 33.6398 33.9292 53.3113 31.1276
45.8515 32.9166 35.6400 39.0178 50.2396 25.6543
45.7004 38.3824 36.4371 42.9996 42.3791 30.8088
46.8906 33.9190 41.2763 37.0211 42.5621 37.4109
40.4460 42.9374 48.6323 36.6852 46.6791 32.6667
47.3552 33.4487 40.8510 43.4637 55.7094 33.6188
50.9780 28.7588 36.2496 34.2723 50.0351 37.2648
50.5341 30.4876 47.5593 46.7225 43.9676 36.8478
40.5867 40.2801 35.3791 50.6348 60.5309 39.8945
45.4891 31.8052 31.7803 37.1708 44.4330 36.1681
38.2698 40.1617 39.2272 35.8107 48.5577 33.2960
49.2488 32.3029 47.9184 36.2870 49.2018 32.7091
53.1868 38.7662 42.3436 35.2146 50.3636 29.3804
48.6770 38.9552 39.4534 35.8019 56.3358 34.7695
49.2394 28.8034 38.0928 43.2205 48.4887 29.1786
52.7889 39.1930 38.3541 40.6729 53.7847 42.6615
48.1379 36.9072 43.0332 39.4687 49.3973 36.0396
45.5209 31.4160 44.5502 40.0691 56.1516 36.0586
44.0606 39.3190 31.9539 26.8691 53.4621 39.6393
51.8517 33.3687 38.3424 38.6750 53.2776 36.0324
40.5082 35.9599 25.6518 43.1437 44.8362 36.4815
50.4044 31.6419 40.1649 35.4306 62.8362 43.2160
47.9995 38.3739 37.9255 39.3347 49.1881 32.9044
41.8958 45.3077 40.0733 45.5694 47.9863 38.5942
41.9686 28.1258 41.0784 34.7447 36.6790 46.2991
42.8071 41.2262 34.7158 39.3560 59.9092 38.9603
45.7568 28.1629 40.5757 49.9754 41.6425 38.2333
40.7178 37.1144 38.1319 31.6203 54.6236 39.2192
44.8553 38.9341 40.0461 40.2086 48.6110 35.7276
49.5429 33.4550 32.0216 55.0635 44.9533 30.8731
43.4754 32.1867 35.5733 40.6987 56.0156 29.8196
45.0196 25.1443 41.6918 40.2717 49.3539 37.5308
50.4894 23.6227 44.2777 37.9829 52.0350 35.8837
49.6421 31.5275 39.8218 30.4303 54.5505 46.4142
46.0036 42.2482 46.6149 27.8469 42.9592 41.8534
49.3684 35.5854 35.0490 34.9798 47.8763 34.1164
48.0799 29.2873 39.5294 38.9874 52.2837 36.4960
42.7354 35.8087 39.6937 31.1064 51.2485 36.4878
43.0682 40.6011 27.3847 47.4171 51.3979 30.0831
44.6232 37.5651 42.7361 47.1219 50.0097 32.7844
45.3129 28.7181 46.7232 36.9486 55.8106 25.5390
47.7401 43.3173 44.2691 41.7774 55.3403 24.3391
47.9662 27.8276 46.7937 34.4218 54.4111 28.4632
49.6651 31.4293 38.0511 42.2913 53.6615 38.2713
45.8503 29.4945 39.0923 40.2679 47.0981 32.0165
45.1440 39.3811 48.2023 38.1536 47.4273 32.4643
51.4430 31.8149 36.8982 42.2765 45.3255 29.9574
55.0662 33.4686 34.7888 37.1934 48.9649 24.3371
47.3239 30.1603 38.6988 47.2344 47.5904 41.3458
43.6562 30.3304 33.1592 46.8239 44.0792 43.5143
51.2890 28.9526 30.5142 40.1036 45.7503 34.3078
45.2014 35.1725 42.6078 36.7807 40.4178 40.6716
35.9323 33.7286 36.7285 54.5502 59.9018 33.6075
43.6377 35.4143 40.4513 45.3305 57.4014 36.8619
44.8340 35.7632 40.4347 35.3108 49.6217 34.4954
47.1509 28.9182 37.7410 32.4091 48.1106 33.1148
42.9655 36.3012 40.3939 46.1725 54.0605 32.0194
53.9857 41.6088 46.8201 35.5253 54.0129 44.0958
46.7773 37.4119 47.2017 48.1938 44.7273 37.9352
40.9830 34.9893 40.6445 39.2605 47.4403 39.9184
40.4147 33.0929 26.8209 45.0243 55.0676 37.7354
47.0851 38.3959 37.6306 43.3716 54.5172 36.2371
50.7131 34.3777 39.3207 40.2997 45.0230 30.9220
45.5427 39.3049 43.0972 37.6444 58.5782 26.2113
38.9087 36.4245 41.4611 46.2504 47.2465 34.8552
42.2443 41.7090 33.5253 38.8353 48.9807 41.3058
37.8752 41.7421 45.3235 38.7152 54.8994 34.4642
35.5924 41.2643 34.3167 45.0951 53.1782 36.3851
42.5335 26.2302 40.7007 34.0148 55.1806 31.3465
45.2251 33.4717 46.6344 38.1753 50.4089 34.1224
44.1182 29.4901 39.3404 35.3183 46.3080 39.0643
49.7605 35.2626 35.3805 38.4714 48.9196 33.6252
35.0916 28.5578 41.7224 41.8243 53.9075 26.8620
41.0547 25.6457 37.0812 43.9616 46.1862 26.9733
46.1550 21.4135 40.5105 40.9975 59.4417 39.3452
47.3311 39.1945 41.0203 42.4639 46.0511 26.6706
44.4458 35.7268 45.2536 44.8829 40.4926 40.2325
40.7327 41.3839 48.3458 40.6153 48.8165 23.5138
51.4327 27.8342 34.6775 38.5126 50.3051 28.5894
37.0541 38.6763 31.6034 43.9808 46.6911 46.7826
42.2686 37.9117 44.5138 36.0686 49.8613 35.2158
51.9160 34.8781 49.7535 45.2047 58.3333 41.9761
46.4816 38.2338 39.9095 42.3996 55.4795 28.2174
44.4864 33.2237 43.4505 51.1580 51.7035 39.8040
49.4628 32.5953 46.3029 48.3676 43.2302 32.8772
41.8114 30.3778 39.7444 42.2589 48.9867 37.3401
45.0144 39.9999 42.0334 34.4357 52.8446 30.1961
51.9583 29.6844 41.2030 46.9047 45.2209 30.2134
49.5673 22.1837 43.5281 42.1997 51.5386 30.8099
40.4174 32.1692 39.2359 37.4993 51.6212 33.7360
46.7038 38.1632 42.7377 36.3790 53.5810 38.8558
42.6991 36.0105 35.9860 44.3332 53.7432 37.1779
45.9593 31.9894 42.8761 35.2014 47.9900 29.6022
47.7142 34.7520 31.1217 34.1369 52.5760 38.1766
39.8219 47.7242 37.5592 38.8910 41.3735 32.9655
36.7874 31.7099 32.6293 42.4953 51.7502 33.8364
47.5125 26.5093 28.6522 38.7429 62.2700 40.2522
45.1061 34.8173 49.5732 42.9771 51.3829 38.8863
35.6395 37.6889 37.3067 39.9101 46.7054 40.5685
37.6963 28.5888 44.3975 41.8535 46.2341 35.6152
43.5533 36.9182 35.7127 38.2944 43.4707 33.9860
40.5992 39.0795 53.0303 37.3877 47.2292 37.6567
51.5488 39.1818 37.3551 41.3617 51.8374 30.6553
41.1178 28.8365 42.3911 41.5938 53.1552 35.5601
32.4301 39.9636 33.3208 43.8597 53.4206 35.7563
53.4174 41.2602 34.2276 36.6878 53.2822 45.3674
37.6408 37.0999 37.2241 42.1525 48.3053 38.0209
41.0779 33.0309 38.7048 30.3777 51.9819 32.5566
41.9618 38.8063 47.0016 43.4557 49.8527 31.7690
45.3193 33.6569 40.5353 45.0817 50.3590 41.2464
51.3547 41.9836 34.1790 46.0229 52.9901 37.1827
47.6600 37.0391 42.9075 50.2341 54.6255 26.8442
54.2669 37.0954 36.0423 41.8950 48.0874 38.2253
39.1183 35.1900 30.2683 44.9425 44.2477 35.7917
52.9800 30.9779 44.3994 29.7548 55.5575 42.4585
53.9736 33.3075 42.4023 35.3376 50.7078 25.7339
45.1778 40.0950 39.5884 41.4011 48.4620 46.7902
46.3410 41.0964 37.5424 45.7349 48.1299 27.8739
46.5411 30.1705 41.0062 33.9414 47.7933 24.3096
44.4576 41.0330 40.5123 36.8186 48.2677 31.1037
44.4499 41.4622 41.1431 48.1348 50.6276 44.1171
44.0485 39.1719 33.4802 48.1432 49.1907 42.4598
47.3069 42.5028 43.0924 46.9659 51.4169 35.9803
56.1844 42.3714 37.3492 29.8435 47.7165 40.3150
48.4122 35.2912 39.9824 40.6867 51.2876 34.9405
49.3869 22.2671 46.2900 39.2128 53.0383 29.8217
41.9668 29.1997 27.6231 38.7548 51.8712 41.1872
48.2130 27.4027 34.7173 42.3425 54.2780 31.8856
49.1688 38.7299 43.8681 37.0901 51.3327 38.0724
49.4914 38.5913 44.7962 46.7202 50.7372 32.5969
41.6124 41.4596 41.8732 34.1030 41.9865 41.3752
52.3551 39.7022 35.6168 37.8145 49.4717 33.2875
50.2176 42.9344 47.3576 27.1471 49.2931 37.9247
49.1043 37.6912 35.5841 51.8059 51.2287 38.5374
48.9670 36.9537 35.8433 34.2556 54.3258 25.0034
49.3159 30.7725 39.3303 36.9087 49.0819 35.6162
54.5191 30.6112 44.4066 40.4553 55.5322 33.6246
46.9254 36.8517 37.2198 33.0279 40.8981 31.2257
46.3559 37.4427 44.4873 46.2978 46.2312 46.1651
36.3760 26.8295 35.0577 42.9488 54.2997 30.6504
43.9795 27.6263 45.1749 41.0139 50.0975 39.5903
47.5365 39.7014 44.9089 45.5779 45.6223 37.0147
43.1212 40.3577 40.5332 35.8763 51.9574 33.6532
37.3580 38.6374 37.1092 37.0110 59.5821 35.5733
37.3860 29.9550 37.6795 39.1744 48.6827 37.6160
50.2978 34.0388 43.1609 39.6572 59.4680 32.6954
44.8434 35.3098 48.7212 43.5431 49.2760 33.3660
34.6664 32.6644 36.6951 36.7135 54.6975 37.0293
36.4757 39.2790 38.1258 36.4517 44.2592 33.7250
39.4968 34.4603 42.3642 35.4728 52.4293 39.6720
48.6345 30.4239 38.1419 40.6701 46.2236 37.1561
45.4433 33.9801 37.6288 39.5484 43.8534 30.4150
41.1138 40.4749 32.8844 34.0220 53.9784 34.3370
58.9103 39.6173 37.0725 42.8821 48.6165 32.0994
46.8289 31.5676 38.6289 45.5046 43.8314 35.8787
40.2122 31.0503 41.9207 48.1044 49.6380 34.9872
47.8829 28.1800 41.0188 39.2047 43.6906 30.2123
45.8494 36.9340 44.8678 42.8733 51.0434 38.1219
43.9243 35.9458 38.8726 53.4493 45.7200 37.4478
45.8225 38.0071 42.3907 46.0742 54.6295 34.9787
52.3919 32.6361 42.7027 36.4019 51.9657 38.5904
49.7377 37.4085 46.0696 39.8776 46.6090 28.3913
33.4930 34.1012 47.9453 39.1328 49.7708 43.6841
52.2817 40.6628 36.9992 38.1613 46.5392 28.2650
42.3511 33.3105 37.6519 40.9673 55.4964 38.0313
44.3814 37.5351 40.0503 44.4235 43.1842 45.4769
52.0110 30.4581 48.6552 33.6439 49.0649 36.6494
50.3766 44.2715 38.0754 29.0355 55.7432 37.2251
47.9769 33.5093 43.1974 35.2428 49.9448 41.9782
39.9331 35.6023 42.2095 33.3063 46.9695 29.9609
49.6240 25.0526 35.7818 34.4900 58.6643 21.6527
53.2231 30.9851 42.8160 31.0150 51.2448 35.7648
44.5330 33.8186 38.1829 42.2218 52.1501 26.5526
35.5755 37.5148 38.5593 39.1453 52.3197 40.0310
39.9801 48.5219 38.1679 42.6892 53.0319 44.0823
45.9638 23.7742 36.4445 35.6234 59.1069 34.8408
41.9967 39.3804 43.3656 47.4027 54.2951 37.5308
47.4963 34.4670 37.7703 42.5812 56.3451 39.7841
37.6763 33.7917 42.8675 30.2553 53.8800 29.0880
38.1755 21.9811 42.4395 38.6658 46.3920 19.0023
48.2907 35.7387 33.2070 46.8225 49.8106 37.8962
38.5281 41.8888 44.6507 37.4887 53.4308 31.7406
50.0149 32.1901 46.1645 35.4510 45.0041 39.2654
46.1371 33.5253 38.9803 39.8460 49.4216 45.0946
49.9862 33.7117 41.8149 41.4811 52.3094 40.0456
43.3145 32.0770 31.7307 43.0901 56.3068 29.9252
46.1067 38.2549 43.7984 39.5455 47.3803 42.6877
41.4513 35.1809 37.4104 37.9908 39.7512 35.0769
44.5982 38.4198 47.0172 38.4192 54.3449 33.1649
37.9000 37.1405 43.0146 38.1034 45.5840 29.4234
42.1162 42.8465 38.6941 41.8731 45.2472 25.9429
43.7211 36.0316 36.5985 36.6903 53.9464 34.0599
48.6888 36.3413 40.9267 48.4118 52.0273 31.2722
42.8561 34.4791 41.3636 36.6611 47.9858 41.0770
39.4386 36.5703 34.4467 36.3187 43.6515 36.5710
48.2639 30.0990 36.6719 33.5440 47.9371 39.3858
46.9536 36.4512 43.0652 44.3296 44.5193 27.6381
47.0365 31.3580 35.7121 38.0349 47.7342 33.8089
48.9416 40.0734 39.2948 41.1962 47.7162 40.5430
44.9339 29.9329 39.3633 38.7134 39.7584 28.8588
44.0556 36.1616 47.5338 47.3246 42.2294 40.4231
43.9483 39.8762 43.4166 36.6404 41.6490 41.1979
40.9748 36.6009 40.0733 46.0929 60.0604 35.0543
51.3258 38.4603 36.9639 38.0815 50.0772 37.1402
37.5327 35.2529 32.8739 47.1849 54.9401 38.9382
52.8810 35.9489 35.1514 39.7278 52.6277 30.3568
43.9021 30.8681 54.3987 35.6621 48.6237 44.2962
43.1719 51.1470 43.5404 40.1765 56.0727 36.5925
38.8039 38.2860 34.9978 49.9920 42.3607 28.4185
49.0784 26.9898 50.6295 38.0865 52.2767 29.2110
46.2862 38.0552 37.4795 47.6232 48.0387 35.0529
48.8603 39.6824 35.9876 47.8386 49.9904 35.3082
42.8578 35.0902 40.3965 33.6296 52.9403 37.2239
38.2725 29.1768 37.7902 44.6427 48.6114 30.6658
47.7491 35.8883 43.3120 42.6421 47.1172 34.2657
41.0503 27.2468 35.0263 42.4220 55.1114 40.1099
41.7991 31.7625 29.1956 33.6782 48.8692 32.8550
53.5651 42.7650 37.3344 36.9687 59.7469 28.0109
39.3005 31.7149 39.5264 49.4281 52.9089 37.5985
49.0332 36.7168 40.7957 37.7019 49.0750 32.1353
41.9644 33.6110 40.6239 47.3139 40.4092 37.6061
47.0774 39.4529 48.3986 35.9718 46.9109 36.8533
39.7608 35.0985 41.2444 34.2997 42.0536 36.5676
39.5688 44.3445 44.1518 33.3275 59.8580 34.4529
41.6883 38.2255 33.2087 34.3526 50.7028 28.7582
50.3719 35.1219 45.1701 47.4152 52.2859 43.5800
49.4492 48.1482 38.1858 38.8500 53.4003 35.6379
48.8488 29.8183 44.4223 36.5214 57.0868 43.0350
